Beleg,BelegURL,Datum,Kategorie,Adressat,Betrag,Saldo
1,https://community.coinsence.org/s/healthcare-project-sumbawanga-tanzania/xcoin/overview,2019-01-01,INIT,Übertrag aus 2018,11.109,     11.11
2,,2019-01-02,SPENDE,*Datenschutz*,10,     21.11
3,,2019-01-02,SPENDE,*Datenschutz*,100,    121.11
4,,2019-01-02,SPENDE,*Datenschutz*,250,    371.11
5,,2019-01-02,SPENDE,*Datenschutz*,10,    381.11
6,,2019-01-02,SPENDE,*Datenschutz*,75,    456.11
7,,2019-01-02,SPENDE,*Datenschutz*,20,    476.11
8,,2019-01-03,SPENDE,*Datenschutz*,3.000,    479.11
9,,2019-01-03,SPENDE,*Datenschutz*,100,    579.11
10,,2019-01-04,SPENDE,*Datenschutz*,30,    609.11
11,,2019-01-04,UNTERB,Restzahlung Unterbring und Verpflegung Libori-Centre,-450,    159.11
12,,2019-01-04,BUCHH,Kosten Auslandsüberweisung,-12,    147.11
13,,2019-01-04,SPENDE,*Datenschutz*,600,    747.11
14,,2019-01-04,REISE,Reiseland Bellingrodt,-3.000,    744.11
15,,2019-01-07,SPENDE,*Datenschutz*,100,    844.11
16,,2019-01-07,SPENDE,*Datenschutz*,200,   1044.11
17,,2019-01-08,SPENDE,*Datenschutz*,20,   1064.11
18,,2019-01-08,SPENDE,*Datenschutz*,20,   1084.11
19,,2019-01-09,SPENDE,*Datenschutz*,500,   1584.11
20,,2019-01-09,SPENDE,*Datenschutz*,200,   1784.11
21,,2019-01-09,SPENDE,*Datenschutz*,100,   1884.11
22,,2019-01-10,SPENDE,*Datenschutz*,100,   1984.11
23,,2019-01-10,REISE,Reiseland Bellingrodt,-3.000,   1981.11
24,,2019-01-11,SPENDE,*Datenschutz*,150,   2131.11
25,,2019-01-14,SPENDE,*Datenschutz*,100,   2231.11
26,,2019-01-14,SPENDE,*Datenschutz*,320,   2551.11
27,,2019-01-14,SPENDE,*Datenschutz*,50,   2601.11
28,,2019-01-14,SPENDE,*Datenschutz*,100,   2701.11
29,,2019-01-14,SPENDE,*Datenschutz*,250,   2951.11
30,,2019-01-14,SPENDE,*Datenschutz*,150,   3101.11
31,,2019-01-14,SPENDE,*Datenschutz*,70,   3171.11
32,,2019-01-14,SPENDE,*Datenschutz*,1.060,   3172.17
33,,2019-01-14,SPENDE,*Datenschutz*,50,   3222.17
34,,2019-01-15,SPENDE,*Datenschutz*,5,   3227.17
35,,2019-01-15,SPENDE,*Datenschutz*,25,   3252.17
36,,2019-01-15,SPENDE,*Datenschutz*,20,   3272.17
37,,2019-01-15,SPENDE,*Datenschutz*,90,   3362.17
38,,2019-01-15,SPENDE,*Datenschutz*,50,   3412.17
39,,2019-01-16,SPENDE,*Datenschutz*,50,   3462.17
40,,2019-01-16,SPENDE,*Datenschutz*,20,   3482.17
41,,2019-01-16,SPENDE,*Datenschutz*,25,   3507.17
42,,2019-01-17,SPENDE,*Datenschutz*,30,   3537.17
43,,2019-01-17,SPENDE,*Datenschutz*,50,   3587.17
44,,2019-01-17,SPENDE,*Datenschutz*,90,   3677.17
45,,2019-01-17,SPENDE,*Datenschutz*,200,   3877.17
46,,2019-01-17,SPENDE,*Datenschutz*,100,   3977.17
47,,2019-01-18,SPENDE,*Datenschutz*,25,   4002.17
48,,2019-01-18,SPENDE,*Datenschutz*,100,   4102.17
49,,2019-01-18,SPENDE,*Datenschutz*,600,   4702.17
50,,2019-01-18,SPENDE,*Datenschutz*,30,   4732.17
51,,2019-01-18,SPENDE,*Datenschutz*,200,   4932.17
52,,2019-01-21,SPENDE,*Datenschutz*,500,   5432.17
53,,2019-01-21,SPENDE,*Datenschutz*,500,   5932.17
54,,2019-01-21,SPENDE,*Datenschutz*,300,   6232.17
55,,2019-01-21,SPENDE,*Datenschutz*,30,   6262.17
56,,2019-01-21,SPENDE,*Datenschutz*,500,   6762.17
57,,2019-01-21,SPENDE,*Datenschutz*,150,   6912.17
58,,2019-01-21,SPENDE,*Datenschutz*,120,   7032.17
59,,2019-01-21,REISE,Reiseland Bellingrodt,-3.000,   7029.17
60,,2019-01-22,REISE,Reiseland Bellingrodt,-3.000,   7026.17
61,,2019-01-22,SPENDE,*Datenschutz*,50,   7076.17
62,,2019-01-22,SPENDE,*Datenschutz*,30,   7106.17
63,,2019-01-22,SPENDE,*Datenschutz*,100,   7206.17
64,,2019-01-22,SPENDE,*Datenschutz*,100,   7306.17
65,,2019-01-23,SPENDE,*Datenschutz*,800,   8106.17
66,,2019-01-23,SPENDE,*Datenschutz*,170,   8276.17
67,,2019-01-23,TRANS,DHL Express,-1.403,   8274.77
68,,2019-01-23,SPENDE,*Datenschutz*,50,   8324.77
69,,2019-01-24,MAT,Lavendel-Apotheke,-1.350,   8323.42
70,,2019-01-24,SPENDE,*Datenschutz*,800,   9123.42
71,,2019-01-24,SPENDE,*Datenschutz*,200,   9323.42
72,,2019-01-24,SPENDE,*Datenschutz*,800,  10123.42
73,,2019-01-28,SPENDE,*Datenschutz*,200,  10323.42
74,,2019-01-28,ABSCHLAG,Dr. Jipemba für Libori Abschlag,-3.012,  10320.40
75,,2019-01-28,BUCHH,Dr. Jipemba für Libori Abschlag,-3.004,  10317.40
76,,2019-01-29,BUCHH,Rückbuchung Libori-Abschlag,3.004,  10320.40
77,,2019-01-29,SPENDE_PUB,Interplast Germany e.V. - Sektion München,1.000,  10321.40
78,,2019-01-30,SPENDE,*Datenschutz*,25,  10346.40
79,,2019-01-30,SPENDE,*Datenschutz*,1.900,  10348.30
80,,2019-01-31,SPENDE,*Datenschutz*,130,  10478.30
81,,2019-01-31,SPENDE,*Datenschutz*,150,  10628.30
82,,2019-02-01,SPENDE,*Datenschutz*,75,  10703.30
83,,2019-02-01,SPENDE,*Datenschutz*,20,  10723.30
84,,2019-02-04,SPENDE,*Datenschutz*,10,  10733.30
85,,2019-02-05,SPENDE,*Datenschutz*,30,  10763.30
86,,2019-02-05,SPENDE,*Datenschutz*,200,  10963.30
87,,2019-02-06,UNTERB,Barkasse Sumbawanga ,-2.800,  10960.50
88,,2019-02-06,BUCHH,Bankspesen,-12,  10948.50
89,,2019-02-06,TRANS,DHL Express,-169,  10779.50
90,,2018-02-07,SPENDE,*Datenschutz*,300,  11079.50
91,,2019-02-08,SPENDE,*Datenschutz*,20,  11099.50
92,,2019-02-11,SONST,Übersetzungen,-258,  10841.50
93,,2019-02-12,SPENDE,*Datenschutz*,30,  10871.50
94,,2019-02-14,SPENDE,*Datenschutz*,40,  10911.50
96,,2019-02-15,SPENDE,*Datenschutz*,150,  11061.50
97,,2019-02-15,SPENDE,*Datenschutz*,5,  11066.50
98,,2019-02-18,SPENDE,*Datenschutz*,1.700,  11068.20
99,,2019-02-18,SPENDE,*Datenschutz*,20,  11088.20
100,,2019-02-18,SPENDE,*Datenschutz*,100,  11188.20
101,,2019-02-19,ANSCH,Sabine Wetter für Oxygenator,-830,  10358.20
102,,2019-02-19,REISE,Reiseland Bellingrodt,-2.000,  10356.20
103,,2019-02-19,ANSCH,Sabine Wetter für Oxygenator,415,  10771.20
104,,2019-02-19,SPENDE,*Datenschutz*,1.000,  10772.20
105,,2019-02-20,SPENDE,*Datenschutz*,200,  10972.20
106,,2019-02-21,SPENDE,*Datenschutz*,1.600,  10973.80
107,,2019-02-21,SPENDE,*Datenschutz*,450,  11423.80
108,,2019-02-22,REISE,Reiseland Bellingrodt,-3.000,  11420.80
109,,2019-02-25,ANSCH,HMT Herrmann medizin Technik Ultraschallgerät,-3.000,  11417.80
110,,2019-02-26,ANSCH,HMT Herrmann medizin Technik Ultraschallgerät,-3.000,  11414.80
111,,2019-02-27,ANSCH,HMT Herrmann medizin Technik Ultraschallgerät,-1.021,  11413.78
112,,2019-03-01,SPENDE,*Datenschutz*,75,  11488.78
113,,2019-03-01,SPENDE,*Datenschutz*,20,  11508.78
114,,2019-03-04,SPENDE,*Datenschutz*,10,  11518.78
115,,2019-03-04,SPENDE,*Datenschutz*,50,  11568.78
116,,2019-03-05,SPENDE,*Datenschutz*,200,  11768.78
117,,2019-03-08,SPENDE,*Datenschutz*,20,  11788.78
118,,2019-03-11,SPENDE,*Datenschutz*,20,  11808.78
119,,2019-03-12,SPENDE,*Datenschutz*,300,  12108.78
120,,2019-03-12,SPENDE,*Datenschutz*,25,  12133.78
121,,2019-03-13,SPENDE,*Datenschutz*,100,  12233.78
122,,2019-03-13,BUCHH,Gut.org AG - bettterplace Umbuchung,8.215,  12242.00
123,,2019-03-13,SPENDE,*Datenschutz*,200,  12442.00
124,,2019-03-14,SPENDE,*Datenschutz*,55,  12497.00
125,,2019-03-14,SPENDE,*Datenschutz*,100,  12597.00
126,,2019-03-15,SPENDE,*Datenschutz*,5,  12602.00
127,,2019-03-18,SPENDE,*Datenschutz*,20,  12622.00
128,,2019-03-18,ANSCH,HMT Herrmann medizin Technik Ultraschallgerät,1.521,  12623.52
129,,2019-03-18,SPENDE,*Datenschutz*,50,  12673.52
130,,2019-03-19,SPENDE,*Datenschutz*,100,  12773.52
131,,2019-03-19,REISE,Reiseland Bellingrodt,-3.000,  12770.52
132,,2019-03-19,SPENDE,*Datenschutz*,250,  13020.52
133,,2019-03-19,SPENDE,*Datenschutz*,50,  13070.52
134,,2019-03-19,SPENDE,*Datenschutz*,50,  13120.52
135,,2019-03-20,SPENDE_PUB,Debt Solution,495,  13615.52
136,,2019-03-20,SPENDE,*Datenschutz*,10,  13625.52
137,,2019-03-21,SPENDE,*Datenschutz*,20,  13645.52
138,,2019-03-21,REISE,Reiseland Bellingrodt,-3.000,  13642.52
139,,2019-03-22,UNTERB,Barkasse Sumbawanga für Camp 20 und 21,-3.000,  13639.52
140,,2019-03-22,SPENDE,*Datenschutz*,400,  14039.52
141,,2019-03-25,SPENDE,*Datenschutz*,50,  14089.52
142,,2019-03-25,SPENDE,*Datenschutz*,150,  14239.52
143,,2019-03-25,SPENDE,*Datenschutz*,1.500,  14241.02
144,,2019-03-26,SPENDE,*Datenschutz*,100,  14341.02
145,,2019-03-27,SPENDE,*Datenschutz*,250,  14591.02
146,,2019-03-28,SPENDE_PUB,Helios Klinikum Pirna,200,  14791.02
147,,2019-03-29,SPENDE,*Datenschutz*,100,  14891.02
148,,2019-03-29,SPENDE,*Datenschutz*,50,  14941.02
149,,2019-03-29,SPENDE,*Datenschutz*,20,  14961.02
150,,2019-03-29,BUCHH,Bankspesen  ,-16,  14945.02
151,,2019-03-29,BUCHH,Bankspesen,-3,  14942.02
152,,2019-03-29,BUCHH,Bankspesen,-22,  14920.02
153,,2019-04-01,SPENDE,*Datenschutz*,15,  14935.02
154,,2019-04-01,SPENDE,*Datenschutz*,100,  15035.02
155,,2019-04-01,SPENDE,*Datenschutz*,100,  15135.02
156,,2019-04-01,SPENDE,*Datenschutz*,75,  15210.02
157,,2019-04-01,SPENDE,*Datenschutz*,20,  15230.02
158,,2019-04-02,SPENDE,*Datenschutz*,10,  15240.02
159,,2019-04-02,SPENDE_PUB,Stiftung Augenlicht,5.106,  15245.12
160,,2019-04-03,TRANS,DHL Express,-3.000,  15242.12
161,,2019-04-03,TRANS,DHL Express,-417,  14825.12
162,,2019-04-03,TRANS,DHL Express,-10,  14815.12
163,,2019-04-03,TRANS,DHL Express,-2.500,  14812.62
164,,2019-04-04,REISE,Reiseland Bellingrodt,-3.000,  14809.62
165,,2019-04-05,SPENDE,*Datenschutz*,100,  14909.62
166,,2019-04-05,SPENDE,*Datenschutz*,200,  15109.62
167,,2019-04-09,SPENDE,*Datenschutz*,20,  15129.62
168,,2019-04-09,SPENDE,*Datenschutz*,50,  15179.62
169,,2019-04-15,SPENDE,*Datenschutz*,5,  15184.62
170,,2019-04-16,SPENDE,*Datenschutz*,20,  15204.62
171,,2019-04-17,UNTERB,Dr. Jipemba - Barkasse Sumbawanga,-1.500,  15203.12
172,,2019-04-17,BUCHH,Bankspesen  ,-12,  15191.12
173,,2019-04-18,SPENDE,*Datenschutz*,800,  15991.12
174,,2019-04-23,UNTERB,IFISI Mbeya,-1.200,  15989.92
175,,2019-04-23,BUCHH,Bankspesen,-12,  15977.92
176,,2019-04-24,BUCHH,Bankspesen (Token),-39,  15938.92
177,,2019-04-24,BUCHH,Gut.org AG - bettterplace Umbuchung,3.367,  15942.29
178,,2019-04-25,REISE,Reiseland Bellingrodt,-3.000,  15939.29
179,,2019-04-26,SPENDE,*Datenschutz*,100,  16039.29
180,,2019-04-26,TRANS,DHL Express,-804,  15235.29
181,,2019-04-26,VISA,*Datenschutz*,-300,  14935.29
182,,2019-04-26,UNTERB,Auslagenerstattung für Übernachtung in Dar für 6 Personen Arnold,-170,  14765.29
183,,2019-04-26,REISE,Auslagenerstattung für Übergewicht airTanzania für 6 Personen Arnold,-360,  14405.29
184,,2019-04-30,SPENDE_PUB,Dt. Komitee zur Verhütung der Blindheit für camp 21,5.574,  14410.87
185,,2019-04-30,SPENDE,*Datenschutz*,50,  14460.87
186,,2019-04-30,SPENDE,*Datenschutz*,39,  14499.87
187,,2019-04-30,SPENDE,*Datenschutz*,50,  14549.87
188,,2019-04-30,SPENDE,*Datenschutz*,705,  15254.87
189,,2019-05-01,REISE,Reiseland Bellingrodt,-3.000,  15251.87
191,,2019-05-02,SPENDE,*Datenschutz*,50,  15301.87
192,,2019-05-02,SPENDE,*Datenschutz*,10,  15311.87
193,,2019-05-02,SPENDE,*Datenschutz*,75,  15386.87
194,,2019-05-02,SPENDE,*Datenschutz*,20,  15406.87
195,,2019-05-03,SPENDE,*Datenschutz*,100,  15506.87
196,,2019-05-06,SPENDE,*Datenschutz*,200,  15706.87
197,,2019-05-06,BUCHH,Marcus Strotkötter - Auslagenerstattung/Ausgleich Barkasse,-2.852,  15704.01
198,,2019-05-07,SPENDE,*Datenschutz*,300,  16004.01
199,,2019-05-08,SPENDE,*Datenschutz*,20,  16024.01
200,,2019-05-09,SPENDE,*Datenschutz*,10,  16034.01
201,,2019-05-09,SPENDE,*Datenschutz*,150,  16184.01
202,,2019-05-10,BUCHH,Bankspesen,-12,  16172.01
203,,2019-05-10,UNTERB,Abschlag Food & Beverages camp 20/21,-1.600,  16170.41
204,,2019-05-14,SPENDE,*Datenschutz*,1.000,  16171.41
205,,2019-05-14,SPENDE,*Datenschutz*,2.000,  16173.41
206,,2019-05-15,SPENDE,*Datenschutz*,5,  16178.41
207,,2019-05-15,BUCHH,Umbuchung von betterplace.org,2.232,  16180.65
208,,2019-05-15,SPENDE,*Datenschutz*,50,  16230.65
209,,2019-05-16,SPENDE,*Datenschutz*,20,  16250.65
210,,2019-05-16,MAT,stamos+braun Prothesen,-2.140,  16248.51
211,,2019-05-17,BUCHH,Bankspesen,-12,  16236.51
212,,2019-05-17,ABSCHLAG,Abschlag Libori-Center,-3.000,  16233.51
213,,2019-05-20,SPENDE,*Datenschutz*,150,  16383.51
214,,2019-05-21,SPENDE,*Datenschutz*,800,  17183.51
215,,2019-05-23,SPENDE,*Datenschutz*,18,  17201.51
216,,2019-05-23,REISE,Reiseland Bellingrodt,-2.000,  17199.51
217,,2019-06-03,SPENDE,*Datenschutz*,20,  17219.51
218,,2019-06-03,SPENDE,*Datenschutz*,100,  17319.51
219,,2019-06-03,SPENDE,*Datenschutz*,75,  17394.51
220,,2019-06-03,SPENDE,*Datenschutz*,10,  17404.51
221,,2019-06-03,SPENDE,*Datenschutz*,200,  17604.51
222,,2019-06-04,BUCHH,Umbuchung Kinderheim Marianne,-200,  17404.51
223,,2019-06-11,BUCHH,Übertrag von interplast Sektion München ,4.000,  17408.51
225,,2019-06-13,BUCHH,Transaktionskosten ,-12,  17396.51
226,,2019-06-13,ABSCHLAG,Abschlag Libori-Center,-2.800,  17393.71
227,,2019-06-14,BUCHH,Liquidation Dr. Wlasak,17,  17410.71