Beleg,BelegURL,Datum,Kategorie,Adressat,Betrag,Saldo
1,,2019-07-26,BUCHH,Umbuchung von betterplace,500,    500.00
2,,2019-07-26,BUCHH,Umbuchung von betterplace,1000,   1500.00
3,,2019-07-26,BUCHH,Umbuchung von betterplace,100,   1600.00
4,,2019-08-26,BUCHH,Umbuchung von 1440600,1000,   2600.00
5,,2019-09-11,SPENDE,*Datenschutz*,50,   2650.00
6,,2019-09-11,BUCHH,Umbuchung von betterplace von 1440600,165,   2815.00
7,,2019-09-12,ANSCH,AFT - Trichterfräse für Prothesen,-2349,    466.00
8,,2019-09-24,SPENDE,*Datenschutz*,1000,   1466.00
9,,2019-09-27,ABSCHLAG,stamos + braun prothesenwerk Abschlagszahlung,-1240,    226.00
10,,2019-09-27,SPENDE,*Datenschutz*,200,    426.00
11,,2019-09-30,SPENDE,*Datenschutz*,200,    626.00