Beleg,BelegURL,Datum,Kategorie,Adressat,Betrag,Saldo
B-1,,2019-01-01,INIT,Übertrag aus 2018,5789.83,   5789.83
B-2,,2019-01-01,SPENDE,*Datenschutz*,200,   5989.83
B-3,,2019-01-01,SPENDE,*Datenschutz*,300,   6289.83
B-4,,2019-01-01,SPENDE,*Datenschutz*,25,   6314.83
B-5,,2019-01-03,SPENDE,*Datenschutz*,1800,   8114.83
B-6,,2019-01-06,SPENDE,*Datenschutz*,100,   8214.83
B-7,,2019-01-08,SPENDE,*Datenschutz*,80,   8294.83
B-8,,2019-02-15,SPENDE,*Datenschutz*,80,   8374.83
B-9,,2019-02-19,SPENDE,*Datenschutz*,150,   8524.83
B-10,,2019-02-25,SPENDE,*Datenschutz*,100,   8624.83
B-11,,2019-03-05,SPENDE,*Datenschutz*,500,   9124.83
B-12,,2019-03-05,BUCHH,Überweisung an Bank für Sozialwirtschaft,-8215.14,    909.69
B-13,,2019-03-10,SPENDE,*Datenschutz*,300,   1209.69
B-14,,2019-03-11,SPENDE,*Datenschutz*,350,   1559.69
B-15,,2019-03-12,SPENDE,*Datenschutz*,50,   1609.69
B-16,,2019-03-15,SPENDE,*Datenschutz*,30,   1639.69
B-17,,2019-03-17,SPENDE,*Datenschutz*,3.35,   1643.04
B-18,,2019-03-19,SPENDE,*Datenschutz*,250,   1893.04
B-19,,2019-03-23,SPENDE,*Datenschutz*,71,   1964.04
B-20,,2019-03-27,SPENDE,*Datenschutz*,846,   2810.04
B-21,,2019-03-27,SPENDE,*Datenschutz*,404,   3214.04
B-22,,2019-03-29,SPENDE,*Datenschutz*,200,   3414.04
B-23,,2019-03-31,SPENDE,*Datenschutz*,200,   3614.04
B-24,,2019-04-16,SPENDE,*Datenschutz*,1000,   4614.04
B-25,,2019-04-17,SPENDE,*Datenschutz*,1000,   5614.04
B-26,,2019-04-18,SPENDE,*Datenschutz*,20,   5634.04
B-27,,2019-04-20,SPENDE,*Datenschutz*,20,   5654.04
B-28,,2019-04-20,SPENDE,*Datenschutz*,50,   5704.04
B-29,,2019-04-20,SPENDE,*Datenschutz*,50,   5754.04
B-30,,2019-04-20,SPENDE,*Datenschutz*,50,   5804.04
B-31,,2019-04-22,SPENDE,*Datenschutz*,100,   5904.04
B-32,,2019-04-24,BUCHH,Überweisung an Bank für Sozialwirtschaft,-3367.99,   2536.05
B-33,,2019-04-25,SPENDE,*Datenschutz*,500,   3036.05
B-34,,2019-04-27,SPENDE,*Datenschutz*,30,   3066.05
B-35,,2019-04-27,BUCHH,Transaktionskosten,0,   3066.05
B-36,,2019-05-02,SPENDE,*Datenschutz*,100,   3166.05
B-37,,2019-05-09,BUCHH,Übertrag Bank für Sozialwirtschaft,-2232.75,    933.30
B-38,,2019-05-13,SPENDE,*Datenschutz*,20,    953.30
B-39,,2019-05-13,SPENDE,*Datenschutz*,300,   1253.30
B-40,,2019-05-13,SPENDE,*Datenschutz*,500,   1753.30
B-41,,2019-06-05,SPENDE,*Datenschutz*,777,   2530.30
B-42,,2019-06-05,SPENDE,*Datenschutz*,30,   2560.30
B-43,,2019-06-19,SPENDE,*Datenschutz*,500,   3060.30
B-44,,2019-06-26,SPENDE,*Datenschutz*,25,   3085.30
B-45,,2019-06-27,SPENDE,*Datenschutz*,100,   3185.30
B-46,,2019-07-01,SPENDE,*Datenschutz*,1000,   4185.30
B-47,,2019-07-03,SPENDE,*Datenschutz*,500,   4685.30
B-48,,2019-07-05,SPENDE,*Datenschutz*,100,   4785.30
B-49,,2019-07-06,SPENDE,*Datenschutz*,150,   4935.30
B-50,,2019-07-14,SPENDE,*Datenschutz*,200,   5135.30
B-51,,2019-07-24,BUCHH,Übertrag Bank für Sozialwirtschaft,-3784.95,   1350.35
B-52,,2019-07-30,SPENDE,*Datenschutz*,80,   1430.35
B-53,,2019-07-31,BUCHH,Transaktionskosten Betterplace,-455.35,    975.00
B-54,,2019-08-19,SPENDE,*Datenschutz*,165,   1140.00
B-55,,2019-09-11,BUCHH,Umbuchung auf 144600,-1135.87,      4.13
B-56,,2019-09-15,SPENDE,*Datenschutz*,30,     34.13
B-57,,2019-09-15,SPENDE,*Datenschutz*,70,    104.13
B-58,,2019-09-30,BUCHH,Transaktionskosten Betterplace,-6.63,     97.50